1000
37 9
30 9
14 6
48 8
34 8
35 3
37 9
21 3
32 9
46 7
14 5
43 6
32 8
46 8
25 9
16 4
28 4
42 3
29 8
24 7
21 6
23 7
34 8
41 3
38 4
14 7
47 3
29 6
31 4
28 8
45 6
12 3
36 4
32 6
18 3
15 9
19 3
40 6
31 8
38 8
33 4
44 7
10 6
26 6
38 4
49 7
13 3
28 3
12 7
31 7
45 6
28 8
20 6
36 8
36 8
35 5
42 5
39 8
23 5
42 4
20 7
46 8
17 7
24 5
22 9
40 4
14 4
40 4
41 9
27 6
17 4
33 8
39 3
48 5
38 4
36 6
40 6
18 8
41 7
25 5
49 4
27 5
13 5
11 4
40 7
46 4
30 4
31 7
49 9
14 8
24 3
49 7
28 3
38 8
37 7
23 7
13 4
31 9
27 5
44 3
26 4
21 3
19 9
46 9
33 9
18 4
19 9
32 5
15 6
33 9
37 6
33 8
10 3
28 7
46 3
11 3
48 6
47 5
32 7
22 5
29 7
27 7
41 9
18 8
41 7
44 7
25 6
16 3
16 3
43 6
32 3
26 5
48 9
21 7
29 7
46 4
39 7
42 3
40 6
39 6
18 7
39 6
33 5
35 7
15 7
36 8
47 4
22 7
44 7
39 6
19 8
22 5
45 8
39 7
42 3
30 6
43 7
33 7
46 7
19 9
47 5
39 3
45 7
26 3
35 9
12 5
24 5
31 8
41 8
33 7
45 4
23 3
18 5
35 8
46 4
48 9
32 3
34 8
32 8
11 6
20 8
36 4
29 7
49 3
34 8
40 5
19 9
43 8
32 4
28 8
35 9
41 6
35 6
24 6
34 7
44 7
49 8
40 6
27 7
27 3
40 3
38 9
35 3
10 4
37 5
29 3
35 3
14 6
22 8
31 9
42 3
43 8
41 6
32 4
16 5
30 5
10 3
24 9
20 7
43 7
10 9
37 6
40 8
24 3
34 3
15 8
24 7
32 9
36 7
43 5
14 5
34 6
42 3
17 3
16 4
47 4
45 8
37 3
48 6
39 6
16 3
17 7
44 5
37 3
18 4
10 9
12 3
46 7
31 9
15 6
30 7
46 3
16 7
21 6
37 9
10 9
14 8
13 7
21 8
39 3
43 5
28 5
17 3
10 7
49 7
10 3
14 5
38 5
17 4
20 8
38 8
34 4
30 4
34 6
46 7
40 6
15 3
26 7
47 5
47 3
41 3
11 9
32 5
42 3
26 8
11 3
19 3
15 5
22 3
25 4
12 9
24 3
22 7
19 5
13 9
13 6
45 4
18 4
28 9
32 7
41 6
25 8
35 7
40 4
24 5
33 4
48 4
31 8
24 9
24 9
43 8
35 8
38 7
30 8
11 3
25 6
32 6
47 6
48 8
13 5
43 5
43 5
42 3
20 4
22 5
25 3
41 5
18 9
20 9
39 5
35 9
44 8
30 6
28 4
49 9
15 9
31 4
39 9
18 6
47 7
46 3
37 7
31 9
10 8
24 5
47 3
13 9
42 5
11 4
49 8
38 6
14 9
36 5
20 3
17 4
33 8
33 7
13 4
21 4
10 3
32 8
43 6
34 6
42 6
15 4
29 8
32 5
17 3
18 7
34 6
45 5
42 9
48 7
32 8
35 3
34 5
30 5
38 8
40 6
13 7
42 9
17 9
13 6
33 7
17 6
19 4
15 4
33 3
18 3
47 6
33 5
11 5
32 9
30 9
48 7
18 4
20 9
13 7
30 6
37 9
33 3
36 6
48 5
39 7
38 6
49 4
16 4
45 5
16 4
35 4
11 9
26 5
45 9
32 5
43 7
46 3
42 6
16 3
39 3
35 4
22 7
23 9
46 6
31 4
44 3
22 6
48 6
45 3
21 4
11 5
21 5
36 6
20 9
44 9
43 4
22 6
32 4
24 4
44 3
26 7
14 4
23 7
38 8
10 6
28 6
45 8
34 4
46 6
39 8
11 9
38 9
23 4
30 3
13 8
19 5
29 3
29 6
13 6
31 3
42 5
43 5
39 9
28 6
20 7
44 6
11 9
23 7
39 6
39 6
30 5
34 9
25 7
25 9
49 7
18 3
44 8
40 9
24 8
25 4
31 5
49 9
28 5
38 4
22 5
19 6
18 6
40 8
13 4
34 3
10 8
15 6
41 4
37 3
25 4
35 6
39 5
48 9
23 8
10 6
19 4
18 7
34 5
15 3
26 9
16 8
17 4
14 6
16 6
32 4
34 3
25 3
43 6
31 5
12 9
21 6
38 7
12 4
37 4
22 6
40 6
19 9
46 6
23 8
42 4
35 7
18 4
42 4
44 3
48 6
34 8
22 5
49 9
33 6
36 5
28 8
46 6
43 3
32 9
42 8
15 6
28 3
17 4
40 6
10 7
49 8
18 8
30 4
25 3
17 8
47 9
27 5
21 8
40 9
15 7
39 3
30 9
37 9
25 7
42 7
44 6
36 7
36 9
19 9
33 3
45 7
45 9
18 8
20 7
34 5
12 9
14 3
39 8
13 4
23 3
40 3
26 7
48 7
46 6
14 8
39 3
35 7
14 5
33 9
20 9
18 5
15 6
23 6
44 4
36 9
22 7
10 8
29 8
21 8
19 5
15 8
35 7
20 7
19 8
16 7
44 5
30 9
23 7
11 3
18 4
41 5
36 7
32 9
29 5
42 8
41 6
14 7
14 9
25 9
44 4
31 3
37 8
39 6
45 9
40 3
44 8
22 6
49 6
42 5
17 7
25 9
33 7
44 9
16 6
48 3
16 5
30 7
22 9
22 6
24 4
31 6
32 9
26 4
38 5
32 7
26 6
41 4
26 6
15 5
16 8
19 3
24 5
38 7
41 5
33 6
17 3
41 8
22 4
37 9
35 8
35 5
47 8
43 7
20 6
41 8
39 7
24 9
11 3
37 7
43 6
42 3
40 3
12 5
47 7
32 6
31 3
33 3
33 7
45 3
17 5
40 5
28 3
17 5
18 7
28 5
30 6
16 5
20 8
18 9
11 6
33 8
35 9
11 7
40 6
48 8
31 6
46 5
48 6
45 4
45 5
36 8
10 3
18 5
22 6
10 4
25 7
49 3
22 3
18 9
19 4
44 6
22 3
42 9
18 4
27 5
19 6
11 3
30 3
18 5
21 6
43 5
10 4
40 5
49 3
28 3
34 5
17 4
15 6
28 9
43 5
21 3
44 9
27 9
19 9
15 8
42 3
39 4
29 7
47 6
43 6
27 6
46 4
32 4
49 8
19 9
19 8
42 5
18 9
18 5
33 5
17 8
44 3
21 5
11 3
20 6
13 9
22 6
31 3
23 8
46 9
25 7
49 8
10 7
42 3
34 5
47 5
40 6
12 6
13 3
35 9
25 7
46 5
28 8
28 9
40 7
19 3
45 4
46 7
29 8
15 6
18 9
13 8
44 7
25 7
23 8
38 7
36 5
16 5
47 3
46 9
41 4
42 9
23 8
25 8
27 9
22 7
41 8
36 5
45 4
44 9
27 6
35 9
31 3
48 9
30 4
37 8
20 5
19 4
39 8
35 4
12 6
42 4
17 9
12 7
11 5
37 3
49 9
28 3
17 8
16 5
49 5
32 8
16 5
38 7
30 7
27 3
33 5
41 7
25 7
36 4
31 5
11 9
25 5
14 4
25 9
24 4
48 7
23 9
45 9
18 8
42 8
10 4
48 7
11 6
49 9
13 5
23 7
15 8
44 8
43 6
17 8
40 7
35 5
19 7
42 9
31 4
20 4
15 7
42 7
10 9
41 5
23 8
28 3
16 4
16 7
27 4
24 6
38 6
34 5
28 9
25 4
14 4
36 8
27 3
40 9
35 5
49 6
40 5
23 4
15 6
30 6
37 4
14 4
37 5
37 9
41 7
41 8
23 9
27 8
14 3
16 3
32 8
10 5
27 6
38 4
19 8
31 3
34 6
11 7
27 7
12 5
35 8
34 4
25 9
31 4
31 5
36 3
33 5
10 7
38 4
43 8
21 6
49 3
10 8
23 6
33 3
23 5
25 9
44 8
45 9
26 7
15 6
18 7
46 3
42 5
10 5
12 7
12 5
46 6
12 6
10 4
46 9
23 3
36 8
23 9
10 4
42 7
37 9
36 5
38 7
18 3
46 3
19 9
26 7
12 6
32 7
12 3
18 8
18 9
44 4
20 6
49 6
25 8
10 7
49 9
41 9
11 9
43 8
39 5
12 9
13 6
24 6
14 3
39 7
34 5
40 5
17 7
17 8
46 4
30 4
40 3
40 6
35 7
40 6
39 5
28 4
16 9
25 7
46 5
18 7
29 9
40 8
15 3
35 7
17 8
24 5
27 5
35 9
28 6
14 7
13 4
34 3
13 6
14 4
37 6
22 7
13 6
13 9
15 3
15 8
25 7
32 7
41 7
25 9
28 8
12 8
